40882 0
40883 0
40884 0
40885 0
40886 0
40887 0
40888 0
40889 0
40890 0
40891 0
40892 0
40893 0
40894 0
40895 0
40896 0
40897 0
40898 0
40899 0
40900 0
40901 0
40902 0
40903 0
40904 0
40905 0
40906 0
40907 0
40908 0
40909 0
40910 0
40911 0
40912 0
40913 0
40914 0
40915 0
40916 0
40917 0
40918 0
40919 0
40920 0
40921 0
40922 0
40923 0
40924 0
40925 0
40926 0
40927 0
40928 0
40929 0
40930 0
40931 0
40932 0
40933 0
40934 0
40935 0
40936 0
40937 0
40938 0
40939 0
40940 0
40941 0
40942 0
40943 0
40944 0
40945 0
40946 0
40947 0
40948 0
40949 0
40950 0
40951 0
40952 0
40953 0
40954 0
40955 0
40956 0
40957 0
40958 0
40959 0
40960 0
40961 0
40962 0
40963 0
40964 0
40965 0
40966 0
40967 0
40968 0
40969 0
40970 0
40971 0
40972 0
40973 0
40974 0
40975 0
40976 0
40977 0
40978 0
40979 0
40980 0
40981 0
40982 0
40983 0
40984 0
40985 0
40986 0
40987 0
40988 0
40989 0
40990 0
40991 0
40992 0
40993 0
40994 0
40995 0
40996 0
40997 0
40998 0
40999 0
41000 0
41001 0
41002 0
41003 0
41004 0
41005 0
41006 0
41007 0
41008 0
41009 0
41010 0
41011 0
41012 0
41013 0
41014 0
41015 0
41016 0
41017 0
41018 0
41019 0
41020 0
41021 0
41022 0
41023 0
41024 0
41025 0
41026 0
41027 0
41028 0
41029 0
41030 0
41031 0
41032 0
41033 0
41034 0
41035 0
41036 0
41037 0
41038 0
41039 0
41040 0
41041 0
41042 0
41043 0
41044 0
41045 0
41046 0
41047 0
41048 0
41049 0
41050 0
41051 0
41052 0
41053 0
41054 0
41055 0
41056 0
41057 0
41058 0
41059 0
41060 0
41061 0
41062 0
41063 0
41064 0
41065 0
41066 0
41067 0
41068 0
41069 0
41070 0
41071 0
41072 0
41073 0
41074 0
41075 0
41076 0
41077 0
41078 0
41079 0
41080 0
41081 0
41082 0
41083 0
41084 0
41085 0
41086 0
41087 0
41088 0
41089 0
41090 0
41091 0
41092 0
41093 0
41094 0
41095 0
41096 0
41097 0
41098 0
41099 0
41100 0
41101 0
41102 0
41103 0
41104 0
41105 0
41106 0
41107 0
41108 0
41109 0
41110 0
41111 0
41112 0
41113 0
41114 0
41115 0
41116 0
41117 0
41118 0
41119 0
41120 0
41121 0
41122 0
41123 0
41124 0
41125 0
41126 0
41127 0
41128 0
41129 0
41130 0
41131 0
41132 0
41133 0
41134 0
41135 0
41136 0
41137 0
41138 0
41139 0
41140 0
41141 0
41142 0
41143 0
41144 0
41145 0
41146 0
41147 0
41148 0
41149 0
41150 0
41151 0
41152 0
41153 0
41154 0
41155 0
41156 0
41157 0
41158 0
41159 0
41160 0
41161 0
41162 0
41163 0
41164 0
41165 0
41166 0
41167 0
41168 0
41169 0
41170 0
41171 0
41172 0
41173 0
41174 0
41175 0
41176 0
41177 0
41178 0
41179 0
41180 0
41181 0
41182 0
41183 0
41184 0
41185 0
41186 0
41187 0
41188 0
41189 0
41190 0
41191 0
41192 0
41193 0
41194 0
41195 0
41196 0
41197 0
41198 0
41199 0
41200 0
41201 0
41202 0
41203 0
41204 0
41205 0
41206 0
41207 0
41208 0
41209 0
41210 0
41211 0
41212 0
41213 0
41214 0
41215 0
41216 0
41217 0
41218 0
41219 0
41220 0
41221 0
41222 0
41223 0
41224 0
41225 0
41226 0
41227 0
41228 0
41229 0
41230 0
41231 0
41232 0
41233 0
41234 0
41235 0
41236 0
41237 0
41238 0
41239 0
41240 0
41241 0
41242 0
41243 0
41244 0
41245 0
41246 0
41247 0
41248 0
41249 0
41250 0
41251 0
41252 0
41253 0
41254 0
41255 0
41256 0
41257 0
41258 0
41259 0
41260 0
41261 0
41262 0
41263 0
41264 0
41265 0
41266 0
41267 0
41268 0
41269 0
41270 0
41271 0
41272 0
41273 0
41274 0
41275 0
41276 0
41277 0
41278 0
41279 0
41280 0
41281 0
41282 0
41283 0
41284 0
41285 0
41286 0
41287 0
41288 0
41289 0
41290 0
41291 0
41292 0
41293 0
41294 0
41295 0
41296 0
41297 0
41298 0
41299 0
41300 0
41301 0
41302 0
41303 0
41304 0
41305 0
41306 0
41307 0
41308 0
41309 0
41310 0
41311 0
41312 0
41313 0
41314 0
41315 0
41316 0
41317 0
41318 0
41319 0
41320 0
41321 0
41322 0
41323 0
41324 0
41325 0
41326 0
41327 0
41328 0
41329 0
41330 0
41331 0
41332 0
41333 0
41334 0
41335 0
41336 0
41337 0
41338 0
41339 0
41340 0
41341 0
41342 0
41343 0
41344 0
41345 0
41346 0
41347 0
41348 0
41349 0
41350 0
41351 0
41352 0
41353 0
41354 0
41355 0
41356 0
41357 0
41358 0
41359 0
41360 0
41361 0
41362 0
41363 0
41364 0
41365 0
41366 0
41367 0
41368 0
41369 0
41370 0
41371 0
41372 0
41373 0
41374 0
41375 0
41376 0
41377 0
41378 0
41379 0
41380 0
41381 0
41382 0
41383 0
41384 0
41385 0
41386 0
41387 0
41388 0
41389 0
41390 0
41391 0
41392 0
41393 0
41394 0
41395 0
41396 0
41397 0
41398 0
41399 0
41400 0
41401 0
41402 0
41403 0
41404 0
41405 0
41406 0
41407 0
41408 0
41409 0
41410 0
41411 0
41412 0
41413 0
41414 0
41415 0
41416 0
41417 0
41418 0
41419 0
41420 0
41421 0
41422 0
41423 0
41424 0
41425 0
41426 0
41427 0
41428 0
41429 0
41430 0
41431 0
41432 0
41433 0
41434 0
41435 0
41436 0
41437 0
41438 0
41439 0
41440 0
41441 0
41442 0
41443 0
41444 0
41445 0
41446 0
41447 0
41448 0
41449 0
41450 0
41451 0
41452 0
41453 0
41454 0
41455 0
41456 0
41457 0
41458 0
41459 0
41460 0
41461 0
41462 0
41463 0
41464 0
41465 0
41466 0
41467 0
41468 0
41469 0
41470 0
41471 0
41472 0
41473 0
41474 0
41475 0
41476 0
41477 0
41478 0
41479 0
41480 0
41481 0
41482 0
41483 0
41484 0
41485 0
41486 0
41487 0
41488 0
41489 0
41490 0
41491 0
41492 0
41493 0
41494 0
41495 0
41496 0
41497 0
41498 0
41499 0
41500 0
41501 0
41502 0
41503 0
41504 0
41505 0
41506 0
41507 0
41508 0
41509 0
41510 0
41511 0
41512 0
41513 0
41514 0
41515 0
41516 0
41517 0
41518 0
41519 0
41520 0
41521 0
41522 0
41523 0
41524 0
41525 0
41526 0
41527 0
41528 0
41529 0
41530 0
41531 0
41532 0
41533 0
41534 0
41535 0
41536 0
41537 0
41538 0
41539 0
41540 0
41541 0
41542 0
41543 0
41544 0
41545 0
41546 0
41547 0
41548 0
41549 0
41550 0
41551 0
41552 0
41553 0
41554 0
41555 0
41556 0
41557 0
41558 0
41559 0
41560 0
41561 0
41562 0
41563 0
41564 0
41565 0
41566 0
41567 0
41568 0
41569 0
41570 0
41571 0
41572 0
41573 0
41574 0
41575 0
41576 0
41577 0
41578 0
41579 0
41580 0
41581 0
41582 0
41583 0
41584 0
41585 0
41586 0
41587 0
41588 0
41589 0
41590 0
41591 0
41592 0
41593 0
41594 0
41595 0
41596 0
41597 0
41598 0
41599 0
41600 0
41601 0
41602 0
41603 0
41604 0
41605 0
41606 0
41607 0
41608 0
41609 0
41610 0
41611 0
41612 0
41613 0
41614 0
41615 0
41616 0
41617 0
41618 0
41619 0
41620 0
41621 0
41622 0
41623 0
41624 0
41625 0
41626 0
41627 0
41628 0
41629 0
41630 0
41631 0
41632 0
41633 0
41634 0
41635 0
41636 0
41637 0
41638 0
41639 0
41640 0
41641 0
41642 0
41643 0
41644 0
41645 0
41646 0
41647 0
41648 0
41649 0
41650 0
41651 0
41652 0
41653 0
41654 0
41655 0
41656 0
41657 0
41658 0
41659 0
41660 0
41661 0
41662 0
41663 0
41664 0
41665 0
41666 0
41667 0
41668 0
41669 0
41670 0
41671 0
41672 0
41673 0
41674 0
41675 0
41676 0
41677 0
41678 0
41679 0
41680 0
41681 0
41682 0
41683 0
41684 0
41685 0
41686 0
41687 0
41688 0
41689 0
41690 0
41691 0
41692 0
41693 0
41694 0
41695 0
41696 0
41697 0
41698 0
41699 0
41700 0
41701 0
41702 0
41703 0
41704 0
41705 0
41706 0
41707 0
41708 0
41709 0
41710 0
41711 0
41712 0
41713 0
41714 0
41715 0
41716 0
41717 0
41718 0
41719 0
41720 0
41721 0
41722 0
41723 0
41724 0
41725 0
41726 0
41727 0
41728 0
41729 0
41730 0
41731 0
41732 0
41733 0
41734 0
41735 0
41736 0
41737 0
41738 0
41739 0
41740 0
41741 0
41742 0
41743 0
41744 0
41745 0
41746 0
41747 0
41748 0
41749 0
41750 0
41751 0
41752 0
41753 0
41754 0
41755 0
41756 0
41757 0
41758 0
41759 0
41760 0
41761 0
41762 0
41763 0
41764 0
41765 0
41766 0
41767 0
41768 0
41769 0
41770 0
41771 0
41772 0
41773 0
41774 0
41775 0
41776 0
41777 0
41778 0
41779 0
41780 0
41781 0
41782 0
41783 0
41784 0
41785 0
41786 0
41787 0
41788 0
41789 0
41790 0
41791 0
41792 0
41793 0
41794 0
41795 0
41796 0
41797 0
41798 0
41799 0
41800 0
41801 0
41802 0
41803 0
41804 0
41805 0
41806 0
41807 0
41808 0
41809 0
41810 0
41811 0
41812 0
41813 0
41814 0
41815 0
41816 0
41817 0
41818 0
41819 0
41820 0
41821 0
41822 0
41823 0
41824 0
41825 0
41826 0
41827 0
41828 0
41829 0
41830 0
41831 0
41832 0
41833 0
41834 0
41835 0
41836 0
41837 0
41838 0
41839 0
41840 0
41841 0
41842 0
41843 0
41844 0
41845 0
41846 0
41847 0
41848 0
41849 0
41850 0
41851 0
41852 0
41853 0
41854 0
41855 0
41856 0
41857 0
41858 0
41859 0
41860 0
41861 0
41862 0
41863 0
41864 0
41865 0
41866 0
41867 0
41868 0
41869 0
41870 0
41871 0
41872 0
41873 0
41874 0
41875 0
41876 0
41877 0
41878 0
41879 0
41880 0
41881 0
41882 0
41883 0
41884 0
41885 0
41886 0
41887 0
41888 0
41889 0
41890 0
41891 0
41892 0
41893 0
41894 0
41895 0
41896 0
41897 0
41898 0
41899 0
41900 0
41901 0
41902 0
41903 0
41904 0
41905 0
41906 0
41907 0
41908 0
41909 0
41910 0
41911 0
41912 0
41913 0
41914 0
41915 0
41916 0
41917 0
41918 0
41919 0
41920 0
41921 0
41922 0
41923 0
41924 0
41925 0
41926 0
41927 0
41928 0
41929 0
41930 0
41931 0
41932 0
41933 0
41934 0
41935 0
41936 0
41937 0
41938 0
41939 0
41940 0
41941 0
41942 0
41943 0
41944 0
41945 0
41946 0
41947 0
41948 0
41949 0
41950 0
41951 0
41952 0
41953 0
41954 0
41955 0
41956 0
41957 0
41958 0
41959 0
41960 0
41961 0
41962 0
41963 0
41964 0
41965 0
41966 0
41967 0
41968 0
41969 0
41970 0
41971 0
41972 0
41973 0
41974 0
41975 0
41976 0
41977 0
41978 0
41979 0
41980 0
41981 0
41982 0
41983 0
41984 0
41985 0
41986 0
41987 0
41988 0
41989 0
41990 0
41991 0
41992 0
41993 0
41994 0
41995 0
41996 0
41997 0
41998 0
41999 0
42000 0
42001 0
42002 0
42003 0
42004 0
42005 0
42006 0
42007 0
42008 0
42009 0
42010 0
42011 0
42012 0
42013 0
42014 0
42015 0
42016 0
42017 0
42018 0
42019 0
42020 0
42021 0
42022 0
42023 0
42024 0
42025 0
42026 0
42027 0
42028 0
42029 0
42030 0
42031 0
42032 0
42033 0
42034 0
42035 0
42036 0
42037 0
42038 0
42039 0
42040 0
42041 0
42042 0
42043 0
42044 0
42045 0
42046 0
42047 0
42048 0
42049 0
42050 0
42051 0
42052 0
42053 0
42054 0
42055 0
42056 0
42057 0
42058 0
42059 0
42060 0
42061 0
42062 0
42063 0
42064 0
42065 0
42066 0
42067 0
42068 0
42069 0
42070 0
42071 0
42072 0
42073 0
42074 0
42075 0
42076 0
42077 0
42078 0
42079 0
42080 0
42081 0
42082 0
42083 0
42084 0
42085 0
42086 0
42087 0
42088 0
42089 0
42090 0
42091 0
42092 0
42093 0
42094 0
42095 0
42096 0
42097 0
42098 0
42099 0
42100 0
42101 0
42102 0
42103 0
42104 0
42105 0
42106 0
42107 0
42108 0
42109 0
42110 0
42111 0
42112 0
42113 0
42114 0
42115 0
42116 0
42117 0
42118 0
42119 0
42120 0
42121 0
42122 0
42123 0
42124 0
42125 0
42126 0
42127 0
42128 0
42129 0
42130 0
42131 0
42132 0
42133 0
42134 0
42135 0
42136 0
42137 0
42138 0
42139 0
42140 0
42141 0
42142 0
42143 0
42144 0
42145 0
42146 0
42147 0
42148 0
42149 0
42150 0
42151 0
42152 0
42153 0
42154 0
42155 0
42156 0
42157 0
42158 0
42159 0
42160 0
42161 0
42162 0
42163 0
42164 0
42165 0
42166 0
42167 0
42168 0
42169 0
42170 0
42171 0
42172 0
42173 0
42174 0
42175 0
42176 0
42177 0
42178 0
42179 0
42180 0
42181 0
42182 0
42183 0
42184 0
42185 0
42186 0
42187 0
42188 0
42189 0
42190 0
42191 0
42192 0
42193 0
42194 0
42195 0
42196 0
42197 0
42198 0
42199 0
42200 0
42201 0
42202 0
42203 0
42204 0
42205 0
42206 0
42207 0
42208 0
42209 0
42210 0
42211 0
42212 0
42213 0
42214 0
42215 0
42216 0
42217 0
42218 0
42219 0
42220 0
42221 0
42222 0
42223 0
42224 0
42225 0
42226 0
42227 0
42228 0
42229 0
42230 0
42231 0
42232 0
42233 0
42234 0
42235 0
42236 0
42237 0
42238 0
42239 0
42240 0
42241 0
42242 0
42243 0
42244 0
42245 0
42246 0
42247 0
42248 0
42249 0
42250 0
42251 0
42252 0
42253 0
42254 0
42255 0
42256 0
42257 0
42258 0
42259 0
42260 0
42261 0
42262 0
42263 0
42264 0
42265 0
42266 0
42267 0
42268 0
42269 0
42270 0
42271 0
42272 0
42273 0
42274 0
42275 0
42276 0
42277 0
42278 0
42279 0
42280 0
42281 0
42282 0
42283 0
42284 0
42285 0
42286 0
42287 0
42288 0
42289 0
42290 0
42291 0
42292 0
42293 0
42294 0
42295 0
42296 0
42297 0
42298 0
42299 0
42300 0
42301 0
42302 0
42303 0
42304 0
42305 0
42306 0
42307 0
42308 0
42309 0
42310 0
42311 1
42312 0
42313 0
42314 0
42315 0
42316 0
42317 0
42318 0
42319 0
42320 0
42321 0
42322 0
42323 0
42324 0
42325 0
42326 0
42327 0
42328 0
42329 0
42330 0
42331 0
42332 0
42333 0
42334 0
42335 0
42336 0
42337 0
42338 0
42339 0
42340 0
42341 0
42342 0
42343 0
42344 0
42345 0
42346 0
42347 0
42348 0
42349 0
42350 0
42351 0
42352 0
42353 0
42354 0
42355 0
42356 0
42357 0
42358 0
42359 0
42360 0
42361 0
42362 0
42363 0
42364 0
42365 0
42366 0
42367 0
42368 0
42369 0
42370 0
42371 0
42372 0
42373 0
42374 0
42375 0
42376 0
42377 0
42378 0
42379 0
42380 0
42381 0
42382 0
42383 0
42384 0
42385 0
42386 0
42387 0
42388 0
42389 0
42390 0
42391 0
42392 0
42393 0
42394 0
42395 0
42396 0
42397 0
42398 0
42399 0
42400 0
42401 0
42402 0
42403 0
42404 0
42405 0
42406 0
42407 0
42408 0
42409 0
42410 0
42411 0
42412 0
42413 0
42414 0
42415 0
42416 0
42417 0
42418 0
42419 0
42420 0
42421 0
42422 0
42423 0
42424 0
42425 0
42426 0
42427 2
42428 0
42429 0
42430 0
42431 0
42432 0
42433 0
42434 0
42435 0
42436 0
42437 0
42438 0
42439 0
42440 0
42441 0
42442 0
42443 0
42444 0
42445 0
42446 0
42447 0
42448 0
42449 0
42450 1
42451 0
42452 0
42453 0
42454 0
42455 0
42456 0
42457 0
42458 0
42459 0
42460 0
42461 0
42462 0
42463 0
42464 0
42465 0
42466 0
42467 0
42468 0
42469 0
42470 0
42471 0
42472 0
42473 0
42474 0
42475 0
42476 0
42477 0
42478 0
42479 0
42480 0
42481 0
42482 0
42483 0
42484 0
42485 0
42486 0
42487 0
42488 0
42489 0
42490 0
42491 0
42492 0
42493 0
42494 0
42495 0
42496 0
42497 0
42498 0
42499 0
42500 0
42501 0
42502 0
42503 0
42504 0
42505 0
42506 0
42507 0
42508 0
42509 0
42510 0
42511 0
42512 0
42513 0
42514 0
42515 0
42516 0
42517 0
42518 0
42519 0
42520 0
42521 0
42522 0
42523 0
42524 0
42525 0
42526 0
42527 0
42528 0
42529 0
42530 0
42531 0
42532 0
42533 0
42534 0
42535 0
42536 0
42537 0
42538 0
42539 0
42540 0
42541 0
42542 0
42543 0
42544 0
42545 0
42546 0
42547 0
42548 0
42549 0
42550 0
42551 0
42552 0
42553 0
42554 0
42555 0
42556 0
42557 0
42558 0
42559 0
42560 0
42561 0
42562 0
42563 0
42564 0
42565 0
42566 0
42567 0
42568 0
42569 0
42570 0
42571 0
42572 0
42573 0
42574 0
42575 0
42576 0
42577 0
42578 0
42579 0
42580 0
42581 0
42582 0
42583 0
42584 0
42585 0
42586 0
42587 0
42588 0
42589 0
42590 0
42591 0
42592 0
42593 0
42594 0
42595 0
42596 0
42597 0
42598 0
42599 0
42600 0
42601 0
42602 0
42603 0
42604 0
42605 0
42606 0
42607 0
42608 0
42609 0
42610 0
42611 0
42612 0
42613 0
42614 0
42615 0
42616 0
42617 0
42618 0
42619 0
42620 0
42621 0
42622 0
42623 0
42624 0
42625 0
42626 0
42627 0
42628 0
42629 0
42630 0
42631 0
42632 0
42633 0
42634 0
42635 0
42636 0
42637 0
42638 0
42639 0
42640 0
42641 0
42642 0
42643 0
42644 0
42645 0
42646 0
42647 0
42648 0
42649 0
42650 0
42651 0
42652 0
42653 0
42654 0
42655 0
42656 0
42657 0
42658 0
42659 0
42660 0
42661 0
42662 0
42663 0
42664 0
42665 0
42666 0
42667 0
42668 0
42669 0
42670 0
42671 0
42672 0
42673 0
42674 0
42675 0
42676 0
42677 0
42678 0
42679 0
42680 0
42681 0
42682 0
42683 0
42684 0
42685 0
42686 0
42687 0
42688 0
42689 0
42690 0
42691 0
42692 0
42693 0
42694 0
42695 0
42696 0
42697 0
42698 0
42699 0
42700 0
42701 0
42702 0
42703 0
42704 0
42705 0
42706 0
42707 0
42708 0
42709 0
42710 0
42711 0
42712 0
42713 0
42714 0
42715 0
42716 0
42717 0
42718 0
42719 0
42720 0
42721 0
42722 0
42723 0
42724 0
42725 0
42726 0
42727 0
42728 0
42729 0
42730 0
42731 0
42732 0
42733 0
42734 0
42735 0
42736 0
42737 0
42738 0
42739 0
42740 0
42741 0
42742 0
42743 0
42744 0
42745 0
42746 0
42747 0
42748 0
42749 0
42750 0
42751 0
42752 0
42753 0
42754 0
42755 0
42756 0
42757 0
42758 0
42759 0
42760 0
42761 0
42762 0
42763 0
42764 0
42765 0
42766 0
42767 0
42768 0
42769 0
42770 0
42771 0
42772 0
42773 0
42774 0
42775 0
42776 0
42777 0
42778 0
42779 0
42780 0
42781 0
42782 0
42783 0
42784 0
42785 0
42786 0
42787 0
42788 0
42789 0
42790 0
42791 0
42792 0
42793 0
42794 0
42795 0
42796 0
42797 0
42798 0
42799 0
42800 0
42801 0
42802 0
42803 0
42804 0
42805 0
42806 0
42807 0
42808 0
42809 0
42810 0
42811 0
42812 0
42813 0
42814 0
42815 0
42816 0
42817 0
42818 0
42819 1
42820 0
42821 0
42822 0
42823 0
42824 1
42825 0
42826 0
42827 0
42828 0
42829 0
42830 0
42831 0
42832 0
42833 0
42834 0
42835 0
42836 0
42837 0
42838 0
42839 0
42840 0
42841 0
42842 0
42843 0
42844 0
42845 1
42846 0
42847 0
42848 0
42849 0
42850 0
42851 0
42852 0
42853 0
42854 0
42855 0
42856 0
42857 0
42858 0
42859 0
42860 0
42861 0
42862 0
42863 0
42864 0
42865 0
42866 0
42867 0
42868 0
42869 0
42870 0
42871 0
42872 0
42873 0
42874 0
42875 0
42876 0
42877 0
42878 0
42879 0
42880 0
42881 0
42882 0
42883 0
42884 0
42885 0
42886 0
42887 0
42888 0
42889 0
42890 0
42891 0
42892 0
42893 0
42894 0
42895 0
42896 0
42897 0
42898 0
42899 0
42900 0
42901 0
42902 0
42903 0
42904 0
42905 0
42906 0
42907 0
42908 0
42909 0
42910 0
42911 0
42912 0
42913 0
42914 0
42915 0
42916 0
42917 0
42918 0
42919 0
42920 0
42921 0
42922 0
42923 0
42924 0
42925 0
42926 0
42927 0
42928 0
42929 2
42930 0
42931 0
42932 1
42933 0
42934 0
42935 0
42936 0
42937 0
42938 0
42939 0
42940 0
42941 0
42942 0
42943 0
42944 0
42945 0
42946 0
42947 0
42948 0
42949 0
42950 0
42951 0
42952 0
42953 0
42954 0
42955 0
42956 1
42957 0
42958 1
42959 0
42960 0
42961 0
42962 0
42963 0
42964 0
42965 0
42966 0
42967 0
42968 0
42969 0
42970 0
42971 2
42972 0
42973 0
42974 0
42975 0
42976 0
42977 0
42978 0
42979 0
42980 0
42981 0
42982 0
42983 0
42984 0
42985 0
42986 0
42987 0
42988 1
42989 0
42990 0
42991 0
42992 0
42993 0
42994 0
42995 0
42996 0
42997 0
42998 0
42999 0
43000 0
43001 0
43002 0
43003 0
43004 0
43005 0
43006 0
43007 0
43008 1
43009 0
43010 0
43011 0
43012 0
43013 1
43014 0
43015 0
43016 1
43017 0
43018 0
43019 0
43020 0
43021 0
43022 0
43023 0
43024 0
43025 0
43026 0
43027 0
43028 0
43029 0
43030 0
43031 0
43032 0
43033 0
43034 0
43035 0
43036 0
43037 0
43038 0
43039 0
43040 0
43041 0
43042 0
43043 0
43044 0
43045 0
43046 0
43047 0
43048 0
43049 0
43050 0
43051 0
43052 0
43053 0
43054 0
43055 0
43056 0
43057 0
43058 0
43059 0
43060 0
43061 0
43062 0
43063 0
43064 0
43065 0
43066 0
43067 0
43068 0
43069 0
43070 0
43071 0
43072 0
43073 0
43074 0
43075 0
43076 0
43077 0
43078 0
43079 0
43080 0
43081 0
43082 0
43083 0
43084 0
43085 0
43086 4
43087 0
43088 0
43089 0
43090 0
43091 0
43092 0
43093 0
43094 0
43095 0
43096 0
43097 0
43098 0
43099 0
43100 0
43101 0
43102 0
43103 0
43104 0
43105 0
43106 0
43107 0
43108 0
43109 0
43110 0
43111 0
43112 0
43113 0
43114 0
43115 0
43116 0
43117 0
43118 0
43119 0
43120 0
43121 0
43122 0
43123 0
43124 1
43125 0
43126 0
43127 0
43128 1
43129 0
43130 0
43131 0
43132 0
43133 0
43134 0
43135 0
43136 0
43137 0
43138 0
43139 0
43140 0
43141 0
43142 0
43143 1
43144 0
43145 0
43146 0
43147 0
43148 0
43149 0
43150 0
43151 0
43152 0
43153 0
43154 0
43155 0
43156 0
43157 0
43158 0
43159 0
43160 0
43161 0
43162 0
43163 0
43164 0
43165 0
43166 0
43167 0
43168 0
43169 0
43170 1
43171 0
43172 0
43173 0
43174 0
43175 0
43176 0
43177 0
43178 0
43179 0
43180 0
43181 0
43182 0
43183 0
43184 0
43185 0
43186 0
43187 0
43188 0
43189 0
43190 0
43191 0
43192 0
43193 0
43194 0
43195 0
43196 0
43197 0
43198 0
43199 0
43200 0
43201 0
43202 0
43203 0
43204 0
43205 0
43206 0
43207 0
43208 0
43209 0
43210 0
43211 0
43212 0
43213 0
43214 0
43215 0
43216 0
43217 0
43218 0
43219 0
43220 0
43221 0
43222 0
43223 0
43224 0
43225 0
43226 0
43227 0
43228 0
43229 0
43230 0
43231 0
43232 0
43233 0
43234 0
43235 1
43236 0
43237 0
43238 0
43239 0
43240 0
43241 0
43242 0
43243 0
43244 0
43245 0
43246 0
43247 0
43248 0
43249 0
43250 0
43251 0
43252 0
43253 0
43254 0
43255 0
43256 0
43257 0
43258 0
43259 0
43260 0
43261 0
43262 0
43263 0
43264 0
43265 0
43266 0
43267 0
43268 0
43269 0
43270 0
43271 0
43272 0
43273 0
43274 0
43275 0
43276 0
43277 0
43278 0
43279 0
43280 1
43281 0
43282 0
43283 0
43284 0
43285 0
43286 0
43287 0
43288 0
43289 0
43290 0
43291 0
43292 0
43293 0
43294 0
43295 0
43296 0
43297 0
43298 0
43299 0
43300 0
43301 0
43302 0
43303 0
43304 0
43305 0
43306 0
43307 0
43308 0
43309 0
43310 0
43311 0
43312 0
43313 0
43314 0
43315 0
43316 0
43317 0
43318 0
43319 0
43320 0
43321 0
43322 0
43323 0
43324 0
43325 0
43326 0
43327 0
43328 0
43329 0
43330 0
43331 0
43332 0
43333 0
43334 0
43335 0
43336 0
43337 0
43338 0
43339 0
43340 0
43341 0
43342 0
43343 0
43344 0
43345 0
43346 0
43347 0
43348 0
43349 0
43350 0
43351 0
43352 0
43353 0
43354 0
43355 0
43356 0
43357 0
43358 0
43359 0
43360 0
43361 0
43362 0
43363 0
43364 0
43365 0
43366 0
43367 0
43368 0
43369 0
43370 0
43371 1
43372 0
43373 0
43374 0
43375 0
43376 0
43377 0
43378 0
43379 0
43380 0
43381 0
43382 0
43383 0
43384 0
43385 0
43386 0
43387 0
43388 0
43389 0
43390 0
43391 0
43392 0
43393 0
43394 0
43395 0
43396 0
43397 0
43398 0
43399 0
43400 0
43401 0
43402 0
43403 0
43404 0
43405 0
43406 0
43407 0
43408 0
43409 0
43410 0
43411 0
43412 0
43413 0
43414 0
43415 0
43416 0
43417 0
43418 0
43419 0
43420 0
43421 0
43422 0
43423 0
43424 0
43425 0
43426 0
43427 0
43428 0
43429 0
43430 0
43431 0
43432 0
43433 0
43434 0
43435 0
43436 0
43437 0
43438 0
43439 0
43440 0
43441 0
43442 0
43443 0
43444 0
43445 0
43446 0
43447 0
43448 0
43449 0
43450 0
43451 0
43452 0
43453 0
43454 0
43455 0
43456 0
43457 0
43458 0
43459 0
43460 0
43461 0
43462 0
43463 0
43464 0
43465 0
43466 0
43467 0
43468 0
43469 0
43470 0
43471 0
43472 0
43473 0
43474 0
43475 0
43476 0
43477 0
43478 0
43479 0
43480 2
43481 0
43482 0
43483 0
43484 0
43485 0
43486 0
43487 0
43488 0
43489 0
43490 0
43491 0
43492 0
43493 0
43494 0
43495 0
43496 0
43497 0
43498 0
43499 0
43500 0
43501 0
43502 0
43503 0
43504 0
43505 0
43506 0
43507 0
43508 0
43509 0
43510 0
43511 0
43512 0
43513 0
43514 0
43515 0
43516 0
43517 0
43518 0
43519 0
43520 0
43521 0
43522 0
43523 0
43524 0
43525 0
43526 0
43527 0
43528 0
43529 0
43530 0
43531 0
43532 0
43533 0
43534 0
43535 0
43536 0
43537 0
43538 0
43539 0
43540 0
43541 0
43542 0
43543 0
43544 0
43545 0
43546 0
43547 0
43548 0
43549 0
43550 0
43551 0
43552 0
43553 0
43554 0
43555 0
43556 0
43557 0
43558 0
43559 0
43560 0
43561 0
43562 0
43563 0
43564 0
43565 0
43566 0
43567 0
43568 0
43569 0
43570 0
43571 0
43572 0
43573 0
43574 0
43575 0
43576 0
43577 0
43578 0
43579 0
43580 0
43581 0
43582 0
43583 0
43584 0
43585 0
43586 0
43587 0
43588 0
43589 0
43590 0
43591 0
43592 0
43593 0
43594 0
43595 0
43596 0
43597 0
43598 0
43599 0
43600 0
43601 0
43602 0
43603 0
43604 0
43605 0
43606 0
43607 0
43608 0
43609 0
43610 0
43611 0
43612 0
43613 0
43614 0
43615 0
43616 0
43617 0
43618 0
43619 0
43620 0
43621 0
43622 0
43623 0
43624 0
43625 0
43626 0
43627 0
43628 0
43629 0
43630 0
43631 0
43632 0
43633 0
43634 0
43635 0
43636 0
43637 0
43638 0
43639 0
43640 0
43641 0
43642 0
43643 0
43644 0
43645 0
43646 0
43647 0
43648 0
43649 0
43650 0
43651 0
43652 0
43653 0
43654 0
43655 0
43656 0
43657 0
43658 0
43659 0
43660 0
43661 0
43662 0
43663 0
43664 0
43665 0
43666 0
43667 0
43668 0
43669 0
43670 0
43671 0
43672 0
43673 0
43674 0
43675 0
43676 0
43677 0
43678 0
43679 0
43680 0
43681 0
43682 0
43683 0
43684 0
43685 0
43686 0
43687 0
43688 0
43689 0
43690 0
43691 0
43692 0
43693 0
43694 0
43695 0
43696 0
43697 0
43698 0
43699 0
43700 0
43701 0
43702 0
43703 0
43704 0
43705 0
43706 0
43707 0
43708 0
43709 0
43710 0
43711 0
43712 0
43713 0
43714 0
43715 0
43716 0
43717 0
43718 0
43719 0
43720 0
43721 0
43722 0
43723 0
43724 0
43725 0
43726 0
43727 0
43728 0
43729 0
43730 0
43731 0
43732 0
43733 0
43734 0
43735 0
43736 0
43737 0
43738 0
43739 0
43740 0
43741 0
43742 0
43743 0
43744 0
43745 0
43746 0
43747 0
43748 0
43749 0
43750 0
43751 0
43752 0
43753 0
43754 0
43755 0
43756 0
43757 0
43758 0
43759 0
43760 0
43761 0
43762 0
43763 0
43764 0
43765 0
43766 0
43767 0
43768 0
43769 0
43770 0
43771 0
43772 0
43773 0
43774 0
43775 0
43776 0
43777 0
43778 0
43779 0
43780 0
43781 0
43782 0
43783 0
43784 0
43785 0
43786 0
43787 0
43788 0
43789 0
43790 0
43791 0
43792 0
43793 0
43794 0
43795 0
43796 0
43797 0
43798 0
43799 0
43800 0
43801 0
43802 0
43803 0
43804 0
43805 0
43806 0
43807 0
43808 0
43809 0
43810 0
43811 0
43812 0
43813 0
43814 0
43815 0
43816 0
43817 0
43818 0
43819 0
43820 0
43821 0
43822 0
43823 0
43824 0
43825 0
43826 0
43827 0
43828 0
43829 0
43830 0
43831 0
43832 0
43833 0
43834 0
43835 0
43836 0
43837 0
43838 0
43839 0
43840 0
43841 0
43842 0
43843 0
43844 0
43845 0
43846 0
43847 0
43848 0
43849 0
43850 0
43851 0
43852 0
43853 0
43854 0
43855 0
43856 0
43857 0
43858 0
43859 0
43860 0
43861 0
43862 0
43863 0
43864 0
43865 0
43866 0
43867 0
43868 0
43869 0
43870 0
43871 0
43872 0
43873 0
43874 0
43875 0
43876 0
43877 0
43878 0
43879 0
43880 0
43881 0
43882 0
43883 0
43884 0
43885 0
43886 0
43887 0
43888 0
43889 0
43890 0
43891 0
43892 0
43893 0
43894 0
43895 0
43896 0
43897 0
43898 0
43899 0
43900 0
43901 0
43902 0
43903 0
43904 0
43905 0
43906 0
43907 0
43908 0
43909 0
43910 0
43911 0
43912 0
43913 0
43914 0
43915 0
43916 0
43917 0
43918 0
43919 0
43920 0
43921 0
43922 0
43923 0
43924 0
43925 0
43926 0
43927 0
43928 0
43929 0
43930 0
43931 0
43932 0
43933 0
43934 0
43935 0
43936 0
43937 0
43938 0
43939 0
43940 0
43941 0
43942 0
43943 0
43944 0
43945 0
43946 0
43947 0
43948 0
43949 0
43950 0
43951 0
43952 0
43953 0
43954 0
43955 0
43956 0
43957 0
43958 0
43959 0
43960 0
43961 0
43962 0
43963 0
43964 0
43965 0
43966 0
43967 0
43968 0
43969 0
43970 0
43971 0
43972 0
43973 0
43974 0
43975 0
43976 0
43977 0
43978 0
43979 0
43980 0
43981 0
43982 0
43983 0
43984 0
43985 0
43986 0
43987 0
43988 0
43989 0
43990 0
43991 0
43992 0
43993 0
43994 0
43995 0
43996 0
43997 0
43998 0
43999 0
44000 0
44001 0
44002 0
44003 0
44004 0
44005 0
44006 0
44007 0
44008 0
44009 0
44010 0
44011 0
44012 0
44013 0
44014 0
44015 0
44016 0
44017 0
44018 0
44019 0
44020 0
44021 0
44022 0
44023 0
44024 0
44025 0
44026 0
44027 0
44028 0
44029 0
44030 0
44031 0
44032 0
44033 0
44034 0
44035 0
44036 0
44037 0
44038 0
44039 0
44040 0
44041 0
44042 0
44043 0
44044 0
44045 0
44046 0
44047 0
44048 0
44049 0
44050 0
44051 0
44052 0
44053 0
44054 0
44055 0
44056 0
44057 0
44058 0
44059 0
44060 0
44061 0
44062 0
44063 0
44064 0
44065 0
44066 0
44067 0
44068 0
44069 0
44070 0
44071 0
44072 0
44073 0
44074 0
44075 0
44076 0
44077 0
44078 0
44079 0
44080 0
44081 0
44082 0
44083 0
44084 0
44085 0
44086 0
44087 0
44088 0
44089 0
44090 0
44091 0
44092 0
44093 0
44094 0
44095 0
44096 0
44097 0
44098 0
44099 0
44100 0
44101 0
44102 0
44103 0
44104 0
44105 0
44106 0
44107 0
44108 0
44109 0
44110 0
44111 0
44112 0
44113 0
44114 0
44115 0
44116 0
44117 0
44118 0
44119 0
44120 0
44121 0
44122 0
44123 0
44124 0
44125 0
44126 0
44127 0
44128 0
44129 0
44130 0
44131 0
44132 0
44133 0
44134 0
44135 0
44136 0
44137 0
44138 0
44139 0
44140 0
44141 0
44142 0
44143 0
44144 0
44145 0
44146 0
44147 0
44148 0
44149 0
44150 0
44151 0
44152 0
44153 0
44154 0
44155 0
44156 0
44157 0
44158 0
44159 0
44160 0
44161 0
44162 0
44163 0
44164 0
44165 0
44166 0
44167 0
44168 0
44169 0
44170 0
44171 0
44172 0
44173 0
44174 0
44175 0
44176 0
44177 0
44178 0
44179 0
44180 0
44181 0
44182 0
44183 0
44184 0
44185 0
44186 0
44187 0
44188 0
44189 0
44190 0
44191 0
44192 0
44193 0
44194 0
44195 0
44196 0
44197 0
44198 0
44199 0
44200 0
44201 0
44202 0
44203 0
44204 0
44205 0
44206 0
44207 0
44208 0
44209 0
44210 0
44211 0
44212 0
44213 0
44214 0
44215 0
44216 0
44217 0
44218 0
44219 0
44220 0
44221 0
44222 0
44223 0
44224 0
44225 0
44226 0
44227 0
44228 0
44229 0
44230 0
44231 0
44232 0
44233 0
44234 0
44235 0
44236 0
44237 0
44238 0
44239 0
44240 0
44241 0
44242 0
44243 0
44244 0
44245 0
44246 0
44247 0
44248 0
44249 0
44250 0
44251 0
44252 0
44253 0
44254 0
44255 0
44256 0
44257 0
44258 0
44259 0
44260 0
44261 0
44262 0
44263 0
44264 0
44265 0
44266 0
44267 0
44268 0
44269 0
44270 0
44271 0
44272 0
44273 0
44274 0
44275 0
44276 0
44277 0
44278 0
44279 0
44280 0
44281 0
44282 0
44283 0
44284 0
44285 0
44286 0
44287 0
44288 0
44289 0
44290 0
44291 0
44292 0
44293 0
44294 0
44295 0
44296 0
44297 0
44298 0
44299 0
44300 0
44301 0
44302 0
44303 0
44304 0
44305 0
44306 0
44307 0
44308 0
44309 0
44310 0
44311 0
44312 0
44313 0
44314 0
44315 0
44316 0
44317 0
44318 0
44319 0
44320 0
44321 0
44322 0
44323 0
44324 0
44325 0
44326 0
44327 0
44328 0
44329 0
44330 0
44331 0
44332 0
44333 0
44334 0
44335 0
44336 0
44337 0
44338 0
44339 0
44340 0
44341 0
44342 0
44343 0
44344 0
44345 0
44346 0
44347 0
44348 0
44349 0
44350 0
44351 0
44352 0
44353 0
44354 0
44355 0
44356 0
44357 0
44358 0
44359 0
44360 0
44361 0
44362 0
44363 0
44364 0
44365 0
44366 0
44367 0
44368 0
44369 0
44370 0
44371 0
44372 0
44373 0
44374 0
44375 0
44376 0
44377 0
44378 0
44379 0
44380 0
44381 0
44382 0
44383 0
44384 0
44385 0
44386 0
44387 0
44388 0
44389 0
44390 0
44391 0
44392 0
44393 0
44394 0
44395 0
44396 0
44397 0
44398 0
44399 0
44400 0
44401 0
44402 0
44403 0
44404 0
44405 0
44406 0
44407 0
44408 0
44409 0
44410 0
44411 0
44412 0
44413 0
44414 0
44415 0
44416 0
44417 0
44418 0
44419 0
44420 0
44421 0
44422 0
44423 0
44424 0
44425 0
44426 0
44427 0
44428 0
44429 0
44430 0
44431 0
44432 0
44433 0
44434 0
44435 0
44436 0
44437 0
44438 0
44439 0
44440 0
44441 0
44442 0
44443 0
44444 0
44445 0
44446 0
44447 0
44448 0
44449 0
44450 0
44451 0
44452 0
44453 0
44454 0
44455 0
44456 0
44457 0
44458 0
44459 0
44460 0
44461 0
44462 0
44463 0
44464 0
44465 0
44466 0
44467 0
44468 0
44469 0
44470 0
44471 0
44472 0
44473 0
44474 0
44475 0
44476 0
44477 0
44478 0
44479 0
44480 0
44481 0
44482 0
44483 0
44484 0
44485 0
44486 0
44487 0
44488 0
44489 0
44490 0
44491 0
44492 0
44493 0
44494 0
44495 0
44496 0
44497 0
44498 0
44499 0
44500 0
44501 0
44502 0
44503 0
44504 0
44505 0
44506 0
44507 0
44508 0
44509 0
44510 0
44511 0
44512 0
44513 0
44514 0
44515 0
44516 0
44517 0
44518 0
44519 0
44520 0
44521 0
44522 0
44523 0
44524 0
44525 0
44526 0
44527 0
44528 0
44529 0
44530 0
44531 0
44532 0
44533 0
44534 0
44535 0
44536 0
44537 0
44538 0
44539 0
44540 0
44541 0
44542 0
44543 0
44544 0
44545 0
44546 0
44547 0
44548 0
44549 0
44550 0
44551 0
44552 0
44553 0
44554 0
44555 0
44556 0
44557 0
44558 0
44559 0
44560 0
44561 0
44562 0
44563 0
44564 0
44565 0
44566 0
44567 0
44568 0
44569 0
44570 0
44571 0
44572 0
44573 0
44574 0
44575 0
44576 0
44577 0
44578 0
44579 0
44580 0
44581 0
44582 0
44583 0
44584 0
44585 0
44586 0
44587 0
44588 0
44589 0
44590 0
44591 0
44592 0
44593 0
44594 0
44595 0
44596 0
44597 0
44598 0
44599 0
44600 0
44601 0
44602 0
44603 0
44604 0
44605 0
44606 0
44607 0
44608 0
44609 0
44610 0
44611 0
44612 0
44613 0
44614 0
44615 0
44616 0
44617 0
44618 0
44619 0
44620 0
44621 0
44622 0
44623 0
44624 0
44625 0
44626 0
44627 0
44628 0
44629 0
44630 0
44631 0
44632 0
44633 0
44634 0
44635 0
44636 0
44637 0
44638 0
44639 0
44640 0
44641 0
44642 0
44643 0
44644 0
44645 0
44646 0
44647 0
44648 0
44649 0
44650 0
44651 0
44652 0
44653 0
44654 0
44655 0
44656 0
44657 0
44658 0
44659 0
44660 0
44661 0
44662 0
44663 0
44664 0
44665 0
44666 0
44667 0
44668 0
44669 0
44670 0
44671 0
44672 0
44673 0
44674 0
44675 0
44676 0
44677 0
44678 0
44679 0
44680 0
44681 0
44682 0
44683 0
44684 0
44685 0
44686 0
44687 0
44688 0
44689 0
44690 0
44691 0
44692 0
44693 0
44694 0
44695 0
44696 0
44697 0
44698 0
44699 0
44700 0
44701 0
44702 0
44703 0
44704 0
44705 0
44706 0
44707 0
44708 0
44709 0
44710 0
44711 0
44712 0
44713 0
44714 0
44715 0
44716 0
44717 0
44718 0
44719 0
44720 0
44721 0
44722 0
44723 0
44724 0
44725 0
44726 0
44727 0
44728 0
44729 0
44730 0
44731 0
44732 0
44733 0
44734 0
44735 0
44736 0
44737 0
44738 0
44739 0
44740 0
44741 0
44742 0
44743 0
44744 0
44745 0
44746 0
44747 0
44748 0
44749 0
44750 0
44751 0
44752 0
44753 0
44754 0
44755 0
44756 0
44757 0
44758 0
44759 0
44760 0
44761 0
44762 0
44763 0
44764 0
44765 0
44766 0
44767 0
44768 0
44769 0
44770 0
44771 0
44772 0
44773 0
44774 0
44775 0
44776 0
44777 0
44778 0
44779 0
44780 0
44781 0
44782 0
44783 0
44784 0
44785 0
44786 0
44787 0
44788 0
44789 0
44790 0
44791 0
44792 0
44793 0
44794 0
44795 0
44796 0
44797 0
44798 0
44799 0
44800 0
44801 0
44802 0
44803 0
44804 0
44805 0
44806 0
44807 0
44808 0
44809 0
44810 0
44811 0
44812 0
44813 0
44814 0
44815 0
44816 0
44817 0
44818 0
44819 0
44820 0
44821 0
44822 0
44823 0
44824 0
44825 0
44826 0
44827 0
44828 0
44829 0
44830 0
44831 0
44832 0
44833 0
44834 0
44835 0
44836 0
44837 0
44838 0
44839 0
44840 0
44841 0
44842 0
44843 0
44844 0
44845 0
44846 0
44847 0
44848 0
44849 0
44850 0
44851 0
44852 0
44853 0
44854 0
44855 0
44856 0
44857 0
44858 0
44859 0
44860 0
44861 0
44862 0
44863 0
44864 0
44865 0
44866 0
44867 0
44868 0
44869 0
44870 0
44871 0
44872 0
44873 0
44874 0
44875 0
44876 0
44877 0
44878 0
44879 0
44880 0
44881 0
44882 0
44883 0
44884 0
44885 0
44886 0
44887 0
44888 0
44889 0
44890 0
44891 0
44892 0
44893 0
44894 0
44895 0
44896 0
44897 0
44898 0
44899 0
44900 0
44901 0
44902 0
44903 0
44904 0
44905 0
44906 0
44907 0
44908 0
44909 0
44910 0
44911 0
44912 0
44913 0
44914 0
44915 0
44916 0
44917 0
44918 0
44919 0
44920 0
44921 0
44922 0
44923 0
44924 0
44925 0
44926 0
44927 0
44928 0
44929 0
44930 0
44931 0
44932 0
44933 0
44934 0
44935 0
44936 0
44937 0
44938 0
44939 0
44940 0
44941 0
44942 0
44943 0
44944 0
44945 0
44946 0
44947 0
44948 0
44949 0
44950 0
44951 0
44952 0
44953 0
44954 0
44955 0
44956 0
44957 0
44958 0
44959 0
44960 0
44961 0
44962 0
44963 0
44964 0
44965 0
44966 0
44967 0
44968 0
44969 0
44970 0
44971 0
44972 0
44973 0
44974 0
44975 0
44976 0
44977 0
44978 0
44979 0
44980 0
44981 0
44982 0
44983 0
44984 0
44985 0
44986 0
44987 0
44988 0
44989 0
44990 0
44991 0
44992 0
44993 0
44994 0
44995 0
44996 0
44997 0
44998 0
44999 0
45000 0
45001 0
45002 0
45003 0
45004 0
45005 0
45006 0
45007 0
45008 0
45009 0
45010 0
45011 0
45012 0
45013 0
45014 0
45015 0
45016 0
45017 0
45018 0
45019 0
45020 0
45021 0
45022 0
45023 0
45024 0
45025 0
45026 0
45027 0
45028 0
45029 0
45030 0
45031 0
45032 0
45033 0
45034 0
45035 0
45036 0
45037 0
45038 0
45039 0
45040 0
45041 0
45042 0
45043 0
45044 0
45045 0
45046 0
45047 0
45048 0
45049 0
45050 0
45051 0
45052 0
45053 0
45054 0
45055 0
45056 0
45057 0
45058 0
45059 0
45060 0
45061 0
45062 0
45063 0
45064 0
45065 0
45066 0
45067 0
45068 0
45069 0
45070 0
45071 0
45072 0
45073 0
45074 0
45075 0
45076 0
45077 0
45078 0
45079 0
45080 0
45081 0
45082 0
45083 0
45084 0
45085 0
45086 0
45087 0
45088 0
45089 0
45090 0
45091 0
45092 0
45093 0
45094 0
45095 0
45096 0
45097 0
45098 0
45099 0
45100 0
45101 0
45102 0
45103 0
45104 0
45105 0
45106 0
45107 0
45108 0
45109 0
45110 0
45111 0
45112 0
45113 0
45114 0
45115 0
45116 0
45117 0
45118 0
45119 0
45120 0
45121 0
45122 0
45123 0
45124 0
45125 0
45126 0
45127 0
45128 0
45129 0
45130 0
45131 0
45132 0
45133 0
45134 0
45135 0
45136 0
45137 0
45138 0
45139 0
45140 0
45141 0
45142 0
45143 0
45144 0
45145 0
45146 0
45147 0
45148 0
45149 0
45150 0
45151 0
45152 0
45153 0
45154 0
45155 0
45156 0
45157 0
45158 0
45159 0
45160 0
45161 0
45162 0
45163 0
45164 0
45165 0
45166 0
45167 0
45168 0
45169 0
45170 0
45171 0
45172 0
45173 0
45174 0
45175 0
45176 0
45177 0
45178 0
45179 0
45180 0
45181 0
45182 0
45183 0
45184 0
45185 0
45186 0
45187 0
45188 0
45189 0
45190 0
45191 0
45192 0
45193 0
45194 0
45195 0
45196 0
45197 0
45198 0
45199 0
45200 0
45201 0
45202 0
45203 0
45204 0
45205 0
45206 0
45207 0
45208 0
45209 0
45210 0
45211 0
45212 0
45213 0
45214 0
45215 0
45216 0
45217 0
45218 0
45219 0
45220 0
45221 0
45222 0
45223 0
45224 0
45225 0
45226 0
45227 0
45228 0
45229 0
45230 0
45231 0
45232 0
45233 0
45234 0
45235 0
45236 0
45237 0
45238 0
45239 0
45240 0
45241 0
45242 0
45243 0
45244 0
45245 0
45246 0
45247 0
45248 0
45249 0
45250 0
45251 0
45252 0
45253 0
45254 0
45255 0
45256 0
45257 0
45258 0
45259 0
45260 0
45261 0
45262 0
45263 0
45264 0
45265 0
45266 0
45267 0
45268 0
45269 0
45270 0
45271 0
45272 0
45273 0
45274 0
45275 0
45276 0
45277 0
45278 0
45279 0
45280 0
45281 0
45282 0
45283 0
45284 0
45285 0
45286 0
45287 0
45288 0
45289 0
45290 0
45291 0
45292 0
45293 0
45294 0
45295 0
45296 0
45297 0
45298 0
45299 0
45300 0
45301 0
45302 0
45303 0
45304 0
45305 0
45306 0
45307 0
45308 0
45309 0
45310 0
45311 0
45312 0
45313 0
45314 0
45315 0
45316 0
45317 0
45318 0
45319 0
45320 0
45321 0
45322 0
45323 0
45324 0
45325 0
45326 0
45327 0
45328 0
45329 0
45330 0
45331 0
45332 0
45333 0
45334 0
45335 0
45336 0
45337 0
45338 0
45339 0
45340 0
45341 0
45342 0
45343 0
45344 0
45345 0
45346 0
45347 0
45348 0
45349 0
45350 0
45351 0
45352 0
45353 0
45354 0
45355 0
45356 0
45357 0
45358 0
45359 0
45360 0
45361 0
45362 0
45363 0
45364 0
45365 0
45366 0
45367 0
45368 0
45369 0
45370 0
45371 0
45372 0
45373 0
45374 0
45375 0
45376 0
45377 0
45378 0
45379 0
45380 0
45381 0
45382 0
45383 0
45384 0
45385 0
45386 0
45387 0
45388 0
45389 0
45390 0
45391 0
45392 0
45393 0
45394 0
45395 0
45396 0
45397 0
45398 0
45399 0
45400 0
45401 0
45402 0
45403 0
45404 0
45405 0
45406 0
45407 0
45408 0
45409 0
45410 0
45411 0
45412 0
45413 0
45414 0
45415 0
45416 0
45417 0
45418 0
45419 0
45420 0
45421 0
45422 0
45423 0
45424 0
45425 0
45426 0
45427 0
45428 0
45429 0
45430 0
45431 0
45432 0
45433 0
45434 0
45435 0
45436 0
45437 0
45438 0
45439 0
45440 0
45441 0
45442 0
45443 0
45444 0
45445 0
45446 0
45447 0
45448 0
45449 0
45450 0
45451 0
45452 0
45453 0
45454 0
45455 0
45456 0
45457 0
45458 0
45459 0
45460 0
45461 0
45462 0
45463 0
45464 0
45465 0
45466 0
45467 0
45468 0
45469 0
45470 0
45471 0
45472 0
45473 0
45474 0
45475 0
45476 0
45477 0
45478 0
45479 0
45480 0
45481 0
45482 0
45483 0
45484 0
45485 0
45486 0
45487 0
45488 0
45489 0
45490 0
45491 0
45492 0
45493 0
45494 0
45495 0
45496 0
45497 0
45498 0
45499 0
45500 0
45501 0
45502 0
45503 0
45504 0
45505 0
45506 0
45507 0
45508 0
45509 0
45510 0
45511 0
45512 0
45513 0
45514 0
45515 0
45516 0
45517 0
45518 0
45519 0
45520 0
45521 0
45522 0
45523 0
45524 0
45525 0
45526 0
45527 0
45528 0
45529 0
45530 0
45531 0
45532 0
45533 0
45534 0
45535 0
45536 0
45537 0
45538 0
45539 0
45540 0
45541 0
45542 0
45543 0
45544 0
45545 0
45546 0
45547 0
45548 0
45549 0
45550 0
45551 0
45552 0
45553 0
45554 0
45555 0
45556 0
45557 0
45558 0
45559 0
45560 0
45561 0
45562 0
45563 0
45564 0
45565 0
45566 0
45567 0
45568 0
45569 0
45570 0
45571 0
45572 0
45573 0
45574 0
45575 0
45576 0
45577 0
45578 0
45579 0
45580 0
45581 0
45582 0
45583 0
45584 0
45585 0
45586 0
45587 0
45588 0
45589 0
45590 0
45591 0
45592 0
45593 0
45594 0
45595 0
45596 0
45597 0
45598 0
45599 0
45600 0
45601 0
45602 0
45603 0
45604 0
45605 0
45606 0
45607 0
45608 0
45609 0
45610 0
45611 0
45612 0
45613 0
45614 0
45615 0
45616 0
45617 0
45618 0
45619 0
45620 0
45621 0
45622 0
45623 0
45624 0
45625 0
45626 0
45627 0
45628 0
45629 0
45630 0
45631 0
45632 0
45633 0
45634 0
45635 0
45636 0
45637 0
45638 0
45639 0
45640 0
45641 0
45642 0
45643 0
45644 0
45645 0
45646 0
45647 0
45648 0
45649 0
45650 0
45651 0
45652 0
45653 0
45654 0
45655 0
45656 0
45657 0
45658 0
45659 0
45660 0
45661 0
45662 0
45663 0
45664 0
45665 0
45666 0
45667 0
45668 0
45669 0
45670 0
45671 0
45672 0
45673 0
45674 0
45675 0
45676 0
45677 0
45678 0
45679 0
45680 0
45681 0
45682 0
45683 0
45684 0
45685 0
45686 0
45687 0
45688 0
45689 0
45690 0
45691 0
45692 0
45693 0
45694 0
45695 0
45696 0
45697 0
45698 0
45699 0
45700 0
45701 0
45702 0
45703 0
45704 0
45705 0
45706 0
45707 0
45708 0
45709 0
45710 0
45711 0
45712 0
45713 0
45714 0
45715 0
45716 0
45717 0
45718 0
45719 0
45720 0
45721 0
45722 0
45723 0
45724 0
45725 0
45726 0
45727 0
45728 0
45729 0
45730 0
45731 0
45732 0
45733 0
45734 0
45735 0
45736 0
45737 0
45738 0
45739 0
45740 0
45741 0
45742 0
45743 0
45744 0
45745 0
45746 0
45747 0
45748 0
45749 0
45750 0
45751 0
45752 0
45753 0
45754 0
45755 0
45756 0
45757 0
45758 0
45759 0
45760 0
45761 0
45762 0
45763 0
45764 0
45765 0
45766 0
45767 0
45768 0
45769 0
45770 0
45771 0
45772 0
45773 0
45774 0
45775 0
45776 0
45777 0
45778 0
45779 0
45780 0
45781 0
45782 0
45783 0
45784 0
45785 0
45786 0
45787 0
45788 0
45789 0
45790 0
45791 0
45792 0
45793 0
45794 0
45795 0
45796 0
45797 0
45798 0
45799 0
45800 0
45801 0
45802 0
45803 0
45804 0
45805 0
45806 0
45807 0
45808 0
45809 0
45810 0
45811 0
45812 0
45813 0
45814 0
45815 0
45816 0
45817 0
45818 0
45819 0
45820 0
45821 0
45822 0
45823 0
45824 0
45825 0
45826 0
45827 0
45828 0
45829 0
45830 0
45831 0
45832 0
45833 0
45834 0
45835 0
45836 0
45837 0
45838 0
45839 0
45840 0
45841 0
45842 0
45843 0
45844 0
45845 0
45846 0
45847 0
45848 0
45849 0
45850 0
45851 0
45852 0
45853 0
45854 0
45855 0
45856 0
45857 0
45858 0
45859 0
45860 0
45861 0
45862 0
45863 0
45864 0
45865 0
45866 0
45867 0
45868 0
45869 0
45870 0
45871 0
45872 0
45873 0
45874 0
45875 0
45876 0
45877 0
45878 0
45879 0
45880 0
45881 0
45882 0
45883 0
45884 0
45885 0
45886 0
45887 0
45888 0
45889 0
45890 0
45891 0
45892 0
45893 0
45894 0
45895 0
45896 0
45897 0
45898 0
45899 0
45900 0
45901 0
45902 0
45903 0
45904 0
45905 0
45906 0
45907 0
45908 0
45909 0
45910 0
45911 0
45912 0
45913 0
45914 0
45915 0
45916 0
45917 0
45918 0
45919 0
45920 0
45921 0
45922 0
45923 0
45924 0
45925 0
45926 0
45927 0
45928 0
45929 0
45930 0
45931 0
45932 0
45933 0
45934 0
45935 0
45936 0
45937 0
45938 0
45939 0
45940 0
45941 0
45942 0
45943 0
45944 0
45945 0
45946 0
45947 0
45948 0
45949 0
45950 0
45951 0
45952 0
45953 0
45954 0
45955 0
45956 0
45957 0
45958 0
45959 0
45960 0
45961 0
45962 0
45963 0
45964 0
45965 0
45966 0
45967 0
45968 0
45969 0
45970 0
45971 0
45972 0
45973 0
45974 0
45975 0
45976 0
45977 0
45978 0
45979 0
45980 0
45981 0
45982 0
45983 0
45984 0
45985 0
45986 0
45987 0
45988 0
45989 0
45990 0
45991 0
45992 0
45993 0
45994 0
45995 0
45996 0
45997 0
45998 0
45999 0
46000 0
46001 0
46002 0
46003 0
46004 0
46005 0
46006 0
46007 0
46008 0
46009 0
46010 0
46011 0
46012 0
46013 0
46014 0
46015 0
46016 0
46017 0
46018 0
46019 0
46020 0
46021 0
46022 0
46023 0
46024 0
46025 0
46026 0
46027 0
46028 0
46029 0
46030 0
46031 0
46032 0
46033 0
46034 0
46035 0
46036 0
46037 0
46038 0
46039 0
46040 0
46041 0
46042 0
46043 0
46044 0
46045 0
46046 0
46047 0
46048 0
46049 0
46050 0
46051 0
46052 0
46053 0
46054 0
46055 0
46056 0
46057 0
46058 0
46059 0
46060 0
46061 0
46062 0
46063 0
46064 0
46065 0
46066 0
46067 0
46068 0
46069 0
46070 0
46071 0
46072 0
46073 0
46074 0
46075 0
46076 0
46077 0
46078 0
46079 0
46080 0
46081 0
46082 0
46083 0
46084 0
46085 0
46086 0
46087 0
46088 0
46089 0
46090 0
46091 0
46092 0
46093 0
46094 0
46095 0
46096 0
46097 0
46098 0
46099 0
46100 0
46101 0
46102 0
46103 0
46104 0
46105 0
46106 0
46107 0
46108 0
46109 0
46110 0
46111 0
46112 0
46113 0
46114 0
46115 0
46116 0
46117 0
46118 0
46119 0
46120 0
46121 0
46122 0
46123 0
46124 0
46125 0
46126 0
46127 0
46128 0
46129 0
46130 0
46131 0
46132 0
46133 0
46134 0
46135 0
46136 0
46137 0
46138 0
46139 0
46140 0
46141 0
46142 0
46143 0
46144 0
46145 0
46146 0
46147 0
46148 0
46149 0
46150 0
46151 0
46152 0
46153 0
46154 0
46155 0
46156 0
46157 0
46158 0
46159 0
46160 0
46161 0
46162 0
46163 0
46164 0
46165 0
46166 0
46167 0
46168 0
46169 0
46170 0
46171 0
46172 0
46173 0
46174 0
46175 0
46176 0
46177 0
46178 0
46179 0
46180 0
46181 0
46182 0
46183 0
46184 0
46185 0
46186 0
46187 0
46188 0
46189 0
46190 0
46191 0
46192 0
46193 0
46194 0
46195 0
46196 0
46197 0
46198 0
46199 0
46200 0
46201 0
46202 0
46203 0
46204 0
46205 0
46206 0
46207 0
46208 0
46209 0
46210 0
46211 0
46212 0
46213 0
46214 0
46215 0
46216 0
46217 0
46218 0
46219 0
46220 0
46221 0
46222 0
46223 0
46224 0
46225 0
46226 0
46227 0
46228 0
46229 0
46230 0
46231 0
46232 0
46233 0
46234 0
46235 0
46236 0
46237 0
46238 0
46239 0
46240 0
46241 0
46242 0
46243 0
46244 0
46245 0
46246 0
46247 0
46248 0
46249 0
46250 0
46251 0
46252 0
46253 0
46254 0
46255 0
46256 0
46257 0
46258 0
46259 0
46260 0
46261 0
46262 0
46263 0
46264 0
46265 0
46266 0
46267 0
46268 0
46269 0
46270 0
46271 0
46272 0
46273 0
46274 0
46275 0
46276 0
46277 0
46278 0
46279 0
46280 0
46281 0
46282 0
46283 0
46284 0
46285 0
46286 0
46287 0
46288 0
46289 0
46290 0
46291 0
46292 0
46293 0
46294 0
46295 0
46296 0
46297 0
46298 0
46299 0
46300 0
46301 0
46302 0
46303 0
46304 0
46305 0
46306 0
46307 0
46308 0
46309 0
46310 0
46311 0
46312 0
46313 0
46314 0
46315 0
46316 0
46317 0
46318 0
46319 0
46320 0
46321 0
46322 0
46323 0
46324 0
46325 0
46326 0
46327 0
46328 0
46329 0
46330 0
46331 0
46332 0
46333 0
46334 0
46335 0
46336 0
46337 0
46338 0
46339 0
46340 0
46341 0
46342 0
46343 0
46344 0
46345 0
46346 0
46347 0
46348 0
46349 0
46350 0
46351 0
46352 0
46353 0
46354 0
46355 0
46356 0
46357 0
46358 0
46359 0
46360 0
46361 0
46362 0
46363 0
46364 0
46365 0
46366 0
46367 0
46368 0
46369 0
46370 0
46371 0
46372 0
46373 0
46374 0
46375 0
46376 0
46377 0
46378 0
46379 0
46380 0
46381 0
46382 0
46383 0
46384 0
46385 0
46386 0
46387 0
46388 0
46389 0
46390 0
46391 0
46392 0
46393 0
46394 0
46395 0
46396 0
46397 0
46398 0
46399 0
46400 0
46401 0
46402 0
46403 0
46404 0
46405 0
46406 0
46407 0
46408 0
46409 0
46410 0
46411 0
46412 0
46413 0
46414 0
46415 0
46416 0
46417 0
46418 0
46419 0
46420 0
46421 0
46422 0
46423 0
46424 0
46425 0
46426 0
46427 0
46428 0
46429 0
46430 0
46431 0
46432 0
46433 0
46434 0
46435 0
46436 0
46437 0
46438 0
46439 0
46440 0
46441 0
46442 0
46443 0
46444 0
46445 0
46446 0
46447 0
46448 0
46449 0
46450 0
46451 0
46452 0
46453 0
46454 0
46455 0
46456 0
46457 0
46458 0
46459 0
46460 0
46461 0
46462 0
46463 0
46464 0
46465 0
46466 0
46467 0
46468 0
46469 0
46470 0
46471 0
46472 0
46473 0
46474 0
46475 0
46476 0
46477 0
46478 0
46479 0
46480 0
46481 0
46482 0
46483 0
46484 0
46485 0
46486 0
46487 0
46488 0
46489 0
46490 0
46491 0
46492 0
46493 0
46494 0
46495 0
46496 0
46497 0
46498 0
46499 0
46500 0
46501 0
46502 0
46503 0
46504 0
46505 0
46506 0
46507 0
46508 0
46509 0
46510 0
46511 0
46512 0
46513 0
46514 0
46515 0
46516 0
46517 0
46518 0
46519 0
46520 0
46521 0
46522 0
46523 0
46524 0
46525 0
46526 0
46527 0
46528 0
46529 0
46530 0
46531 0
46532 0
46533 0
46534 0
46535 0
46536 0
46537 0
46538 0
46539 0
46540 0
46541 0
46542 0
46543 0
46544 0
46545 0
46546 0
46547 0
46548 0
46549 0
46550 0
46551 0
46552 0
46553 0
46554 0
46555 0
46556 0
46557 0
46558 0
46559 0
46560 0
46561 0
46562 0
46563 0
46564 0
46565 0
46566 0
46567 0
46568 0
46569 0
46570 0
46571 0
46572 0
46573 0
46574 0
46575 0
46576 0
46577 0
46578 0
46579 0
46580 0
46581 0
46582 0
46583 0
46584 0
46585 0
46586 0
46587 0
46588 0
46589 0
46590 0
46591 0
46592 0
46593 0
46594 0
46595 0
46596 0
46597 0
46598 0
46599 0
46600 0
46601 0
46602 0
46603 0
46604 0
46605 0
46606 0
46607 0
46608 0
46609 0
46610 0
46611 0
46612 0
46613 0
46614 0
46615 0
46616 0
46617 0
46618 0
46619 0
46620 0
46621 0
46622 0
46623 0
46624 0
46625 0
46626 0
46627 0
46628 0
46629 0
46630 0
46631 0
46632 0
46633 0
46634 0
46635 0
46636 0
46637 0
46638 0
46639 0
46640 0
46641 0
46642 0
46643 0
46644 0
46645 0
46646 0
46647 0
46648 0
46649 0
46650 0
46651 0
46652 0
46653 0
46654 0
46655 0
46656 0
46657 0
46658 0
46659 0
46660 0
46661 0
46662 0
46663 0
46664 0
46665 0
46666 0
46667 0
46668 0
46669 0
46670 0
46671 0
46672 0
46673 0
46674 0
46675 0
46676 0
46677 0
46678 0
46679 0
46680 0
46681 0
46682 0
46683 0
46684 0
46685 0
46686 0
46687 0
46688 0
46689 0
46690 0
46691 0
46692 0
46693 0
46694 0
46695 0
46696 0
46697 0
46698 0
46699 0
46700 0
46701 0
46702 0
46703 0
46704 0
46705 0
46706 0
46707 0
46708 0
46709 0
46710 0
46711 0
46712 0
46713 0
46714 0
46715 0
46716 0
46717 0
46718 0
46719 0
46720 0
46721 0
46722 0
46723 0
46724 0
46725 0
46726 0
46727 0
46728 0
46729 0
46730 0
46731 0
46732 0
46733 0
46734 0
46735 0
46736 0
46737 0
46738 0
46739 0
46740 0
46741 0
46742 0
46743 0
46744 0
46745 0
46746 0
46747 0
46748 0
46749 0
46750 0
46751 0
46752 0
46753 0
46754 0
46755 0
46756 0
46757 0
46758 0
46759 0
46760 0
46761 0
46762 0
46763 0
46764 0
46765 0
46766 0
46767 0
46768 0
46769 0
46770 0
46771 0
46772 0
46773 0
46774 0
46775 0
46776 0
46777 0
46778 0
46779 0
46780 0
46781 0
46782 0
46783 0
46784 0
46785 0
46786 0
46787 0
46788 0
46789 0
46790 0
46791 0
46792 0
46793 0
46794 0
46795 0
46796 0
46797 0
46798 0
46799 0
46800 0
46801 0
46802 0
46803 0
46804 0
46805 0
46806 0
46807 0
46808 0
46809 0
46810 0
46811 0
46812 0
46813 0
46814 0
46815 0
46816 0
46817 0
46818 0
46819 0
46820 0
46821 0
46822 0
46823 0
46824 0
46825 0
46826 0
46827 0
46828 0
46829 0
46830 0
46831 0
46832 0
46833 0
46834 0
46835 0
46836 0
46837 0
46838 0
46839 0
46840 0
46841 0
46842 0
46843 0
46844 0
46845 0
46846 0
46847 0
46848 0
46849 0
46850 0
46851 0
46852 0
46853 0
46854 0
46855 0
46856 0
46857 0
46858 0
46859 0
46860 0
46861 0
46862 0
46863 0
46864 0
46865 0
46866 0
46867 0
46868 0
46869 0
46870 0
46871 0
46872 0
46873 0
46874 0
46875 0
46876 0
46877 0
46878 0
46879 0
46880 0
46881 0
46882 0
46883 0
46884 0
46885 0
46886 0
46887 0
46888 0
46889 0
46890 0
46891 0
46892 0
46893 0
46894 0
46895 0
46896 0
46897 0
46898 0
46899 0
46900 0
46901 0
46902 0
46903 0
46904 0
46905 0
46906 0
46907 0
46908 0
46909 0
46910 0
46911 0
46912 0
46913 0
46914 0
46915 0
46916 0
46917 0
46918 0
46919 0
46920 0
46921 0
46922 0
46923 0
46924 0
46925 0
46926 0
46927 0
46928 0
46929 0
46930 0
46931 0
46932 0
46933 0
46934 0
46935 0
46936 0
46937 0
46938 0
46939 0
46940 0
46941 0
46942 0
46943 0
46944 0
46945 0
46946 0
46947 0
46948 0
46949 0
46950 0
46951 0
46952 0
46953 0
46954 0
46955 0
46956 0
46957 0
46958 0
46959 0
46960 0
46961 0
46962 0
46963 0
46964 0
46965 0
46966 0
46967 0
46968 0
46969 0
46970 0
46971 0
46972 0
46973 0
46974 0
46975 0
46976 0
46977 0
46978 0
46979 0
46980 0
46981 0
46982 0
46983 0
46984 0
46985 0
46986 0
46987 0
46988 0
46989 0
46990 0
46991 0
46992 0
46993 0
46994 0
46995 0
46996 0
46997 0
46998 0
46999 0
47000 0
47001 0
47002 0
47003 0
47004 0
47005 0
47006 0
47007 0
47008 0
47009 0
47010 0
47011 0
47012 0
47013 0
47014 0
47015 0
47016 0
47017 0
47018 0
47019 0
47020 0
47021 0
47022 0
47023 0
