5 0.5 93.94 94.22 91.64 99.78 94.16
5 0.7 99.65 99.65 99.59 99.80 99.63
5 0.9 99.87 99.87 99.86 99.89 99.86
5 0.95 99.91 99.91 99.90 99.92 99.91
10 0.5 25.69 25.91 22.01 96.83 23.22
10 0.7 96.36 96.44 95.08 99.16 96.03
10 0.9 99.56 99.56 99.54 99.64 99.56
10 0.95 99.76 99.76 99.76 99.77 99.74
25 0.5 0.88 0.90 0.70 17.72 0.79
25 0.7 22.83 23.04 20.85 61.00 21.93
25 0.9 97.89 97.89 97.68 98.49 97.86
25 0.95 99.16 99.16 99.06 99.23 99.14
50 0.5 0.96 0.92 0.64 1.58 0.72
50 0.7 2.26 2.30 2.01 10.07 2.19
50 0.9 82.40 82.47 80.39 88.05 82.08
50 0.95 96.74 96.76 96.60 97.15 96.74